 ,Label,Area,Mean,XM,YM,Slice,LastIndex,PreviousCell,Background
1,ori_TxRed:0476-0450-0124:initial_folder_990_0475,234,504.397,123.787,449.300,476,1,2,448.582
2,ori_TxRed:0475-0449-0125:initial_folder_990_0474,209,505.211,124.571,448.605,475,0,3,448.200
3,ori_TxRed:0474-0439-0126:initial_folder_990_0473,409,505.641,126.681,439.570,474,0,4,448.311
4,ori_TxRed:0473-0441-0126:initial_folder_990_0472,418,505.333,126.088,440.599,473,0,5,448.594
5,ori_TxRed:0472-0442-0126:initial_folder_990_0471,388,503.763,126.122,442.121,472,0,6,448.300
6,ori_TxRed:0471-0443-0125:initial_folder_990_0470,397,503.539,125.597,441.974,471,0,7,448.118
7,ori_TxRed:0470-0444-0126:initial_folder_990_0469,364,500.547,126.003,443.333,470,0,8,448.817
8,ori_TxRed:0469-0445-0125:initial_folder_990_0468,342,501.219,125.545,444.029,469,0,9,448.102
9,ori_TxRed:0468-0447-0125:initial_folder_990_0467,317,503.893,125.330,446.398,468,0,10,448.054
10,ori_TxRed:0467-0447-0125:initial_folder_990_0466,306,501.252,125.235,447.065,467,0,11,448.400
11,ori_TxRed:0466-0447-0123:initial_folder_990_0465,326,507.460,123.890,446.754,466,0,12,448.628
12,ori_TxRed:0465-0448-0123:initial_folder_990_0464,285,506.505,123.767,447.567,465,0,13,448.269
13,ori_TxRed:0464-0449-0123:initial_folder_990_0463,283,507.025,123.572,448.556,464,0,14,448.721
14,ori_TxRed:0463-0449-0123:initial_folder_990_0462,271,503.723,123.855,449.181,463,0,15,448.459
15,ori_TxRed:0462-0451-0126:initial_folder_990_0461,232,509.534,125.032,449.479,462,0,16,448.308
16,ori_TxRed:0461-0450-0125:initial_folder_990_0460,179,513.112,125.679,448.696,461,0,17,448.464
17,ori_TxRed:0460-0441-0126:initial_folder_990_0459,391,506.813,126.323,440.595,460,0,18,448.213
18,ori_TxRed:0459-0442-0125:initial_folder_990_0458,391,508.051,125.698,441.792,459,0,19,448.674
19,ori_TxRed:0458-0442-0125:initial_folder_990_0457,377,508.607,125.884,442.810,458,0,20,448.848
20,ori_TxRed:0457-0444-0125:initial_folder_990_0456,368,510.766,125.483,443.820,457,0,21,449.431
21,ori_TxRed:0456-0444-0126:initial_folder_990_0455,343,510.233,125.784,442.644,456,0,22,449.171
22,ori_TxRed:0455-0444-0125:initial_folder_990_0454,341,511.616,125.448,444.177,455,0,23,449.577
23,ori_TxRed:0454-0445-0124:initial_folder_990_0453,340,515.129,124.737,444.865,454,0,24,449.265
24,ori_TxRed:0453-0446-0125:initial_folder_990_0452,291,521.677,125.280,445.058,453,0,25,449.489
25,ori_TxRed:0452-0447-0124:initial_folder_990_0451,296,520.527,124.634,446.749,452,0,26,449.182
26,ori_TxRed:0451-0448-0124:initial_folder_990_0450,284,520.349,124.665,447.354,451,0,27,448.888
27,ori_TxRed:0450-0448-0124:initial_folder_990_0449,296,517.041,124.305,447.016,450,0,28,449.332
28,ori_TxRed:0449-0449-0123:initial_folder_990_0448,288,521.208,123.962,448.453,449,0,29,449.373
29,ori_TxRed:0448-0448-0124:initial_folder_990_0447,244,524.025,123.809,447.317,448,0,30,449.113
30,ori_TxRed:0447-0448-0125:initial_folder_990_0446,288,525.674,124.681,447.021,447,0,31,449.188
31,ori_TxRed:0446-0439-0126:initial_folder_990_0445,449,527.546,126.043,439.085,446,0,32,450.107
32,ori_TxRed:0445-0441-0126:initial_folder_990_0444,411,529.601,125.885,440.244,445,0,33,449.856
33,ori_TxRed:0444-0441-0125:initial_folder_990_0443,426,531.117,125.777,441.050,444,0,34,450.433
34,ori_TxRed:0443-0442-0125:initial_folder_990_0442,415,530.104,125.453,440.859,443,0,35,449.891
35,ori_TxRed:0442-0443-0126:initial_folder_990_0441,387,535.243,125.668,442.723,442,0,36,450.645
36,ori_TxRed:0441-0444-0125:initial_folder_990_0440,389,532.650,125.228,443.490,441,0,37,449.905
37,ori_TxRed:0440-0445-0125:initial_folder_990_0439,367,533.913,124.977,443.995,440,0,38,449.772
38,ori_TxRed:0439-0446-0124:initial_folder_990_0438,351,533.028,124.884,445.207,439,0,39,449.894
39,ori_TxRed:0438-0446-0125:initial_folder_990_0437,345,533.939,125.198,445.787,438,0,40,449.602
40,ori_TxRed:0437-0445-0124:initial_folder_990_0436,341,534.589,124.707,445.699,437,0,41,449.831
41,ori_TxRed:0436-0446-0125:initial_folder_990_0435,330,534.530,125.008,446.088,436,0,42,450.216
42,ori_TxRed:0435-0446-0125:initial_folder_990_0434,338,532.692,125.022,446.258,435,0,43,449.501
43,ori_TxRed:0434-0447-0124:initial_folder_990_0433,331,535.644,124.793,447.354,434,0,44,450.120
44,ori_TxRed:0433-0447-0125:initial_folder_990_0432,307,532.365,125.160,447.051,433,0,45,450.672
45,ori_TxRed:0432-0448-0124:initial_folder_990_0431,314,532.729,124.911,447.455,432,0,46,450.421
46,ori_TxRed:0431-0448-0125:initial_folder_990_0430,300,535.133,124.969,447.738,431,0,47,450.704
47,ori_TxRed:0430-0448-0121:initial_folder_990_0429,315,531.203,121.833,447.421,430,0,48,450.567
48,ori_TxRed:0429-0433-0124:initial_folder_990_0428,620,542.618,123.909,432.883,429,0,49,450.363
49,ori_TxRed:0428-0434-0124:initial_folder_990_0427,605,547.759,124.117,433.808,428,0,50,450.543
50,ori_TxRed:0427-0435-0124:initial_folder_990_0426,587,548.327,123.950,435.550,427,0,51,450.282
51,ori_TxRed:0426-0436-0125:initial_folder_990_0425,588,548.684,124.321,435.757,426,0,52,450.143
52,ori_TxRed:0425-0438-0124:initial_folder_990_0424,562,549.959,124.112,437.132,425,0,53,450.778
53,ori_TxRed:0424-0439-0124:initial_folder_990_0423,547,550.848,123.894,438.541,424,0,54,450.221
54,ori_TxRed:0423-0439-0124:initial_folder_990_0422,526,551.878,124.182,439.311,423,0,55,449.939
55,ori_TxRed:0422-0440-0124:initial_folder_990_0421,524,551.345,124.092,439.788,422,0,56,450.039
56,ori_TxRed:0421-0440-0124:initial_folder_990_0420,511,550.849,124.115,440.000,421,0,57,450.110
57,ori_TxRed:0420-0440-0124:initial_folder_990_0419,519,548.559,124.108,440.493,420,0,58,450.118
58,ori_TxRed:0419-0440-0123:initial_folder_990_0418,516,546.525,123.844,440.438,419,0,59,451.516
59,ori_TxRed:0418-0441-0124:initial_folder_990_0417,494,545.338,124.261,440.989,418,0,60,451.296
60,ori_TxRed:0417-0442-0124:initial_folder_990_0416,478,540.615,124.358,442.011,417,0,61,450.681
61,ori_TxRed:0416-0443-0124:initial_folder_990_0415,477,542.283,124.208,443.031,416,0,62,450.248
62,ori_TxRed:0415-0443-0124:initial_folder_990_0414,458,538.522,124.481,443.601,415,0,63,450.538
63,ori_TxRed:0414-0444-0124:initial_folder_990_0413,442,537.351,124.296,444.363,414,0,64,450.805
64,ori_TxRed:0413-0444-0125:initial_folder_990_0412,426,535.810,124.577,444.280,413,0,65,449.635
65,ori_TxRed:0412-0445-0124:initial_folder_990_0411,420,534.102,124.412,445.329,412,0,66,450.382
66,ori_TxRed:0411-0445-0124:initial_folder_990_0410,407,533.678,124.397,445.233,411,0,67,449.953
67,ori_TxRed:0410-0445-0124:initial_folder_990_0409,393,531.201,124.354,446.006,410,0,68,450.488
68,ori_TxRed:0409-0446-0124:initial_folder_990_0408,386,530.420,124.160,446.223,409,0,69,450.185
69,ori_TxRed:0408-0446-0124:initial_folder_990_0407,381,525.892,124.247,446.081,408,0,70,449.874
70,ori_TxRed:0407-0446-0124:initial_folder_990_0406,364,522.934,124.069,446.597,407,0,71,450.952
71,ori_TxRed:0406-0446-0124:initial_folder_990_0405,347,526.700,124.293,446.526,406,0,72,449.828
72,ori_TxRed:0405-0446-0124:initial_folder_990_0404,348,521.951,124.075,446.616,405,0,73,450.155
73,ori_TxRed:0404-0447-0124:initial_folder_990_0403,335,518.657,124.024,447.518,404,0,74,449.820
74,ori_TxRed:0403-0447-0124:initial_folder_990_0402,331,519.272,123.862,447.738,403,0,75,449.432
75,ori_TxRed:0402-0447-0124:initial_folder_990_0401,343,519.181,123.808,446.792,402,0,76,450.000
76,ori_TxRed:0401-0446-0124:initial_folder_990_0400,334,515.299,123.904,446.714,401,0,77,449.656
77,ori_TxRed:0400-0448-0124:initial_folder_990_0399,321,516.396,123.942,447.631,400,0,78,449.791
78,ori_TxRed:0399-0449-0125:initial_folder_990_0398,297,520.003,124.410,448.650,399,0,79,450.257
79,ori_TxRed:0398-0449-0123:initial_folder_990_0397,300,520.560,123.530,449.318,398,0,80,449.832
80,ori_TxRed:0397-0448-0123:initial_folder_990_0396,305,521.020,123.323,448.112,397,0,81,449.584
81,ori_TxRed:0396-0449-0124:initial_folder_990_0395,283,519.855,124.094,447.587,396,0,82,451.601
82,ori_TxRed:0395-0413-0125:initial_folder_990_0394,484,533.535,125.698,412.892,395,0,83,458.226
83,ori_TxRed:0394-0418-0126:initial_folder_990_0393,469,527.904,126.050,418.903,394,0,84,455.073
84,ori_TxRed:0393-0426-0125:initial_folder_990_0392,471,520.163,126.076,426.666,393,0,85,451.561
85,ori_TxRed:0392-0428-0081:initial_folder_990_0391,535,644.811,82.360,429.737,392,0,86,607.145
86,ori_TxRed:0391-0439-0125:initial_folder_990_0390,486,509.276,125.267,438.520,391,0,87,449.636
87,ori_TxRed:0390-0438-0129:initial_folder_990_0389,349,516.825,129.538,436.746,390,0,88,448.599
88,ori_TxRed:0389-0435-0128:initial_folder_990_0388,291,517.890,129.158,433.598,389,0,89,449.120
89,ori_TxRed:0388-0436-0128:initial_folder_990_0387,272,518.551,129.124,433.902,388,0,90,448.778
90,ori_TxRed:0387-0437-0128:initial_folder_990_0386,273,518.971,128.952,434.955,387,0,91,449.077
91,ori_TxRed:0386-0437-0129:initial_folder_990_0385,263,521.962,128.958,437.002,386,0,92,449.692
92,ori_TxRed:0385-0438-0128:initial_folder_990_0384,258,522.589,129.167,436.750,385,0,93,449.020
93,ori_TxRed:0384-0437-0128:initial_folder_990_0383,250,520.988,129.213,436.404,384,0,94,449.291
94,ori_TxRed:0383-0437-0128:initial_folder_990_0382,237,523.017,129.015,435.997,383,0,95,449.167
95,ori_TxRed:0382-0435-0128:initial_folder_990_0381,253,526.960,128.848,433.967,382,0,96,449.434
96,ori_TxRed:0381-0436-0128:initial_folder_990_0380,247,523.053,128.828,434.572,381,0,97,449.343
97,ori_TxRed:0380-0436-0128:initial_folder_990_0379,240,525.704,128.906,435.108,380,0,98,449.502
98,ori_TxRed:0379-0436-0129:initial_folder_990_0378,215,522.442,129.287,435.622,379,0,99,449.192
99,ori_TxRed:0378-0435-0127:initial_folder_990_0377,228,530.289,128.633,433.662,378,0,100,449.333
100,ori_TxRed:0377-0435-0128:initial_folder_990_0376,219,526.434,128.720,434.722,377,0,101,449.390
101,ori_TxRed:0376-0437-0128:initial_folder_990_0375,209,527.847,128.834,436.380,376,0,102,449.357
102,ori_TxRed:0375-0438-0128:initial_folder_990_0374,182,530.945,129.193,436.811,375,0,103,449.687
103,ori_TxRed:0374-0439-0128:initial_folder_990_0373,183,527.863,129.215,437.773,374,0,104,450.617
104,ori_TxRed:0373-0439-0128:initial_folder_990_0372,174,532.144,129.155,437.796,373,0,105,449.542
105,ori_TxRed:0372-0438-0129:initial_folder_990_0371,144,536.250,129.674,437.224,372,0,106,449.736
106,ori_TxRed:0371-0439-0129:initial_folder_990_0370,170,537.082,129.475,438.575,371,0,107,449.651
107,ori_TxRed:0370-0434-0129:initial_folder_990_0369,183,533.852,129.444,434.015,370,0,108,449.658
108,ori_TxRed:0369-0424-0129:initial_folder_990_0368,179,541.430,129.590,423.608,369,0,109,449.608
109,ori_TxRed:0368-0412-0129:initial_folder_990_0367,392,537.548,129.280,410.918,368,0,110,449.639
110,ori_TxRed:0367-0412-0129:initial_folder_990_0366,360,534.439,129.306,410.372,367,0,111,449.544
111,ori_TxRed:0366-0415-0129:initial_folder_990_0365,368,536.750,129.248,413.451,366,0,112,449.670
112,ori_TxRed:0365-0415-0129:initial_folder_990_0364,386,534.238,129.076,413.312,365,0,113,449.251
113,ori_TxRed:0364-0414-0129:initial_folder_990_0363,359,537.813,129.095,413.679,364,0,114,449.416
114,ori_TxRed:0363-0415-0129:initial_folder_990_0362,359,534.916,129.015,414.491,363,0,115,449.519
115,ori_TxRed:0362-0414-0129:initial_folder_990_0361,355,536.346,129.172,413.875,362,0,116,449.585
116,ori_TxRed:0361-0413-0129:initial_folder_990_0360,347,530.098,129.095,412.853,361,0,117,449.584
117,ori_TxRed:0360-0413-0129:initial_folder_990_0359,327,532.291,129.257,412.540,360,0,118,449.231
118,ori_TxRed:0359-0413-0129:initial_folder_990_0358,311,527.791,129.272,412.634,359,0,119,448.441
119,ori_TxRed:0358-0414-0129:initial_folder_990_0357,299,532.599,129.367,412.781,358,0,120,449.087
120,ori_TxRed:0357-0413-0129:initial_folder_990_0356,308,531.049,129.411,411.706,357,0,121,448.871
121,ori_TxRed:0356-0411-0129:initial_folder_990_0355,303,531.363,129.321,409.865,356,0,122,448.694
122,ori_TxRed:0355-0410-0129:initial_folder_990_0354,314,533.363,129.054,408.843,355,0,123,449.047
123,ori_TxRed:0354-0411-0128:initial_folder_990_0353,304,535.240,128.948,409.757,354,0,124,449.455
124,ori_TxRed:0353-0412-0129:initial_folder_990_0352,270,534.867,129.208,410.075,353,0,125,449.313
125,ori_TxRed:0352-0411-0129:initial_folder_990_0351,275,537.178,129.194,410.607,352,0,126,448.710
126,ori_TxRed:0351-0413-0128:initial_folder_990_0350,277,537.097,128.968,412.572,351,0,127,448.628
127,ori_TxRed:0350-0413-0128:initial_folder_990_0349,265,537.981,129.040,412.255,350,0,128,448.896
128,ori_TxRed:0349-0414-0128:initial_folder_990_0348,247,534.960,129.229,413.605,349,0,129,449.088
129,ori_TxRed:0348-0415-0128:initial_folder_990_0347,264,531.739,128.996,414.354,348,0,130,449.627
130,ori_TxRed:0347-0416-0129:initial_folder_990_0346,240,528.638,129.134,415.910,347,0,131,449.238
131,ori_TxRed:0346-0416-0128:initial_folder_990_0345,258,533.744,128.784,415.800,346,0,132,448.895
132,ori_TxRed:0345-0416-0128:initial_folder_990_0344,239,537.234,129.022,415.717,345,0,133,448.767
133,ori_TxRed:0344-0416-0129:initial_folder_990_0343,235,530.604,129.075,416.664,344,0,134,448.697
134,ori_TxRed:0343-0418-0128:initial_folder_990_0342,235,536.740,128.953,417.775,343,0,135,448.353
135,ori_TxRed:0342-0418-0128:initial_folder_990_0341,234,533.487,128.847,418.602,342,0,136,448.863
136,ori_TxRed:0341-0418-0128:initial_folder_990_0340,232,533.026,128.730,417.472,341,0,137,449.302
137,ori_TxRed:0340-0418-0128:initial_folder_990_0339,224,534.853,128.901,418.062,340,0,138,449.095
138,ori_TxRed:0339-0418-0128:initial_folder_990_0338,226,528.381,128.795,417.718,339,0,139,448.724
139,ori_TxRed:0338-0419-0128:initial_folder_990_0337,226,530.965,128.720,418.085,338,0,140,448.707
140,ori_TxRed:0337-0419-0128:initial_folder_990_0336,223,523.170,128.777,419.312,337,0,141,448.567
141,ori_TxRed:0336-0420-0128:initial_folder_990_0335,224,524.473,128.601,419.559,336,0,142,448.891
142,ori_TxRed:0335-0420-0128:initial_folder_990_0334,217,523.806,128.646,420.405,335,0,143,449.080
143,ori_TxRed:0334-0418-0128:initial_folder_990_0333,220,519.655,128.810,418.617,334,0,144,448.880
144,ori_TxRed:0333-0407-0129:initial_folder_990_0332,404,510.502,129.243,407.273,333,0,145,448.305
145,ori_TxRed:0332-0407-0128:initial_folder_990_0331,433,511.217,128.775,405.917,332,0,146,448.516
146,ori_TxRed:0331-0405-0128:initial_folder_990_0330,415,506.523,128.532,404.838,331,0,147,447.705
147,ori_TxRed:0330-0402-0127:initial_folder_990_0329,441,549.571,127.752,400.878,330,0,148,503.210
148,ori_TxRed:0329-0386-0128:initial_folder_990_0328,446,501.747,128.361,385.931,329,0,149,448.254
149,ori_TxRed:0328-0408-0128:initial_folder_990_0327,377,508.568,128.462,407.733,328,0,150,448.474
150,ori_TxRed:0327-0409-0127:initial_folder_990_0326,410,509.222,127.421,409.097,327,0,151,448.298
151,ori_TxRed:0326-0414-0128:initial_folder_990_0325,318,514.248,128.671,414.416,326,0,152,448.886
152,ori_TxRed:0325-0415-0128:initial_folder_990_0324,286,515.972,128.840,415.476,325,0,153,448.774
153,ori_TxRed:0324-0417-0128:initial_folder_990_0323,276,515.913,128.834,416.881,324,0,154,448.763
154,ori_TxRed:0323-0418-0128:initial_folder_990_0322,282,518.039,128.650,417.583,323,0,155,448.892
155,ori_TxRed:0322-0418-0128:initial_folder_990_0321,277,517.119,128.455,418.525,322,0,156,448.520
156,ori_TxRed:0321-0420-0128:initial_folder_990_0320,261,518.448,128.683,420.528,321,0,157,448.806
157,ori_TxRed:0320-0419-0128:initial_folder_990_0319,261,520.042,128.603,419.048,320,0,158,448.730
158,ori_TxRed:0319-0420-0128:initial_folder_990_0318,267,516.303,128.340,420.553,319,0,159,448.957
159,ori_TxRed:0318-0421-0127:initial_folder_990_0317,236,518.212,128.376,420.209,318,0,160,448.943
160,ori_TxRed:0317-0420-0127:initial_folder_990_0316,259,519.896,128.045,420.271,317,0,161,448.983
161,ori_TxRed:0316-0419-0128:initial_folder_990_0315,228,519.482,128.589,419.146,316,0,162,448.374
162,ori_TxRed:0315-0402-0128:initial_folder_990_0314,227,517.203,127.992,401.790,315,0,163,449.284
163,ori_TxRed:0314-0426-0126:initial_folder_990_0313,224,518.420,127.150,427.018,314,0,164,449.307
164,ori_TxRed:0313-0438-0124:initial_folder_990_0312,493,513.706,124.963,439.275,313,0,165,448.985
165,ori_TxRed:0312-0440-0124:initial_folder_990_0311,476,514.399,124.940,440.772,312,0,166,448.973
166,ori_TxRed:0311-0440-0124:initial_folder_990_0310,465,515.559,125.045,441.273,311,0,167,449.206
167,ori_TxRed:0310-0443-0125:initial_folder_990_0309,427,517.227,125.352,443.383,310,0,168,449.317
168,ori_TxRed:0309-0444-0125:initial_folder_990_0308,438,519.027,125.248,443.528,309,0,169,448.793
169,ori_TxRed:0308-0444-0125:initial_folder_990_0307,427,513.152,125.339,444.100,308,0,170,449.073
170,ori_TxRed:0307-0444-0125:initial_folder_990_0306,424,518.406,125.280,444.111,307,0,171,449.039
171,ori_TxRed:0306-0445-0125:initial_folder_990_0305,424,515.252,125.152,444.336,306,0,172,449.161
172,ori_TxRed:0305-0446-0125:initial_folder_990_0304,402,512.261,125.095,445.281,305,0,173,448.932
173,ori_TxRed:0304-0445-0125:initial_folder_990_0303,399,514.341,125.282,445.092,304,0,174,448.760
174,ori_TxRed:0303-0447-0124:initial_folder_990_0302,374,513.874,124.061,446.535,303,0,175,448.861
175,ori_TxRed:0302-0448-0125:initial_folder_990_0301,370,519.873,124.189,446.467,302,0,176,448.733
176,ori_TxRed:0301-0433-0125:initial_folder_990_0300,665,521.821,125.396,433.903,301,0,177,448.927
177,ori_TxRed:0300-0435-0125:initial_folder_990_0299,627,522.290,125.241,434.783,300,0,178,449.021
178,ori_TxRed:0299-0435-0124:initial_folder_990_0298,623,521.202,124.574,435.284,299,0,179,448.618
179,ori_TxRed:0298-0437-0124:initial_folder_990_0297,578,528.284,124.821,437.102,298,0,180,448.330
180,ori_TxRed:0297-0437-0124:initial_folder_990_0296,574,522.111,124.659,437.583,297,0,181,448.428
181,ori_TxRed:0296-0438-0124:initial_folder_990_0295,564,518.273,124.768,438.225,296,0,182,449.160
182,ori_TxRed:0295-0438-0124:initial_folder_990_0294,558,516.815,124.993,438.412,295,0,183,448.457
183,ori_TxRed:0294-0439-0124:initial_folder_990_0293,550,517.925,124.964,439.480,294,0,184,448.492
184,ori_TxRed:0293-0440-0124:initial_folder_990_0292,518,517.510,124.881,439.817,293,0,185,448.897
185,ori_TxRed:0292-0440-0124:initial_folder_990_0291,541,513.176,124.576,440.037,292,0,186,448.009
186,ori_TxRed:0291-0440-0124:initial_folder_990_0290,521,515.165,124.154,439.213,291,0,187,448.495
187,ori_TxRed:0290-0442-0124:initial_folder_990_0289,487,514.164,124.788,441.807,290,0,188,448.393
188,ori_TxRed:0289-0443-0124:initial_folder_990_0288,460,511.870,124.902,442.905,289,0,189,448.770
189,ori_TxRed:0288-0443-0124:initial_folder_990_0287,450,512.924,124.070,442.733,288,0,190,448.907
190,ori_TxRed:0287-0445-0124:initial_folder_990_0286,423,515.000,123.597,444.290,287,0,191,448.888
191,ori_TxRed:0286-0445-0125:initial_folder_990_0285,404,516.478,125.312,445.263,286,0,192,449.732
192,ori_TxRed:0285-0431-0124:initial_folder_990_0284,619,520.803,124.779,433.591,285,0,193,449.394
193,ori_TxRed:0284-0432-0124:initial_folder_990_0283,599,521.553,124.874,433.777,284,0,194,448.576
194,ori_TxRed:0283-0433-0124:initial_folder_990_0282,554,521.049,125.114,435.809,283,0,195,449.232
195,ori_TxRed:0282-0435-0124:initial_folder_990_0281,550,524.764,124.924,435.872,282,0,196,449.258
196,ori_TxRed:0281-0435-0124:initial_folder_990_0280,559,524.063,124.892,436.135,281,0,197,449.028
197,ori_TxRed:0280-0436-0124:initial_folder_990_0279,484,522.262,125.158,438.198,280,0,198,449.337
198,ori_TxRed:0279-0438-0123:initial_folder_990_0278,484,524.948,124.739,439.123,279,0,199,449.142
199,ori_TxRed:0278-0439-0123:initial_folder_990_0277,464,525.159,124.260,440.269,278,0,200,449.058
200,ori_TxRed:0277-0441-0123:initial_folder_990_0276,429,527.159,124.152,441.979,277,0,201,449.286
201,ori_TxRed:0276-0441-0123:initial_folder_990_0275,407,523.688,124.025,442.504,276,0,202,448.628
202,ori_TxRed:0275-0442-0123:initial_folder_990_0274,415,529.072,123.797,442.526,275,0,203,449.324
203,ori_TxRed:0274-0443-0123:initial_folder_990_0273,418,523.636,123.931,443.182,274,0,204,449.156
204,ori_TxRed:0273-0444-0123:initial_folder_990_0272,395,524.301,123.487,444.124,273,0,205,449.601
205,ori_TxRed:0272-0443-0121:initial_folder_990_0271,378,525.452,120.836,444.501,272,0,206,449.519
206,ori_TxRed:0271-0444-0119:initial_folder_990_0270,313,532.623,119.065,444.734,271,0,207,449.201
207,ori_TxRed:0270-0445-0118:initial_folder_990_0269,279,533.108,118.637,445.206,270,0,208,449.247
208,ori_TxRed:0269-0445-0118:initial_folder_990_0268,306,528.634,118.608,445.357,269,0,209,449.362
209,ori_TxRed:0268-0445-0118:initial_folder_990_0267,276,530.286,118.044,444.751,268,0,210,449.272
210,ori_TxRed:0267-0445-0118:initial_folder_990_0266,271,526.148,117.954,444.529,267,0,211,449.380
211,ori_TxRed:0266-0448-0118:initial_folder_990_0265,211,532.142,118.167,448.305,266,0,212,449.567
212,ori_TxRed:0265-0448-0118:initial_folder_990_0264,230,530.652,118.032,448.150,265,0,213,449.428
213,ori_TxRed:0264-0450-0118:initial_folder_990_0263,185,534.086,118.819,449.294,264,0,214,449.448
214,ori_TxRed:0263-0450-0118:initial_folder_990_0262,186,533.097,119.065,449.091,263,0,215,448.949
215,ori_TxRed:0262-0436-0118:initial_folder_990_0261,412,544.124,117.957,437.059,262,0,216,448.934
216,ori_TxRed:0261-0436-0117:initial_folder_990_0260,380,549.689,117.518,436.388,261,0,217,448.880
217,ori_TxRed:0260-0436-0117:initial_folder_990_0259,337,554.976,117.596,436.077,260,0,218,449.255
218,ori_TxRed:0259-0439-0116:initial_folder_990_0258,391,551.959,117.301,436.857,259,0,219,449.186
219,ori_TxRed:0258-0437-0116:initial_folder_990_0257,406,553.067,117.234,435.860,258,0,220,449.881
220,ori_TxRed:0257-0444-0117:initial_folder_990_0256,405,559.198,117.650,442.588,257,0,221,456.856
221,ori_TxRed:0256-0443-0117:initial_folder_990_0255,350,547.157,117.680,442.890,256,0,222,449.472
222,ori_TxRed:0255-0442-0116:initial_folder_990_0254,396,546.144,117.116,441.438,255,0,223,450.073
223,ori_TxRed:0254-0443-0116:initial_folder_990_0253,387,545.475,117.302,443.276,254,0,224,449.819
224,ori_TxRed:0253-0443-0116:initial_folder_990_0252,327,550.703,117.176,441.919,253,0,225,450.232
225,ori_TxRed:0252-0445-0117:initial_folder_990_0251,364,549.868,117.775,444.390,252,0,226,450.094
226,ori_TxRed:0251-0446-0117:initial_folder_990_0250,376,545.992,117.812,445.216,251,0,227,449.582
227,ori_TxRed:0250-0447-0118:initial_folder_990_0249,300,552.607,118.394,445.994,250,0,228,449.734
228,ori_TxRed:0249-0447-0118:initial_folder_990_0248,280,548.018,118.567,446.159,249,0,229,449.780
229,ori_TxRed:0248-0448-0118:initial_folder_990_0247,279,547.014,118.686,447.355,248,0,230,449.982
230,ori_TxRed:0247-0447-0118:initial_folder_990_0246,246,545.663,118.117,446.815,247,0,231,450.179
231,ori_TxRed:0246-0449-0117:initial_folder_990_0245,259,545.892,118.326,449.332,246,0,232,449.893
232,ori_TxRed:0245-0449-0118:initial_folder_990_0244,242,545.913,118.411,449.333,245,0,233,449.611
233,ori_TxRed:0244-0451-0118:initial_folder_990_0243,231,541.944,119.084,451.036,244,0,234,449.371
234,ori_TxRed:0243-0449-0118:initial_folder_990_0242,212,540.722,118.674,449.316,243,0,235,449.267
235,ori_TxRed:0242-0463-0118:initial_folder_990_0241,217,597.382,117.980,463.527,242,0,236,540.866
236,ori_TxRed:0241-0451-0118:initial_folder_990_0240,203,539.655,118.244,451.225,241,0,237,449.143
237,ori_TxRed:0240-0451-0118:initial_folder_990_0239,185,548.676,118.982,451.321,240,0,238,449.152
238,ori_TxRed:0239-0452-0118:initial_folder_990_0238,253,535.854,118.585,452.626,239,0,239,448.974
239,ori_TxRed:0238-0440-0116:initial_folder_990_0237,429,549.895,116.682,438.704,238,0,240,448.749
240,ori_TxRed:0237-0438-0116:initial_folder_990_0236,424,548.559,116.666,437.547,237,0,241,448.604
241,ori_TxRed:0236-0440-0117:initial_folder_990_0235,430,547.467,117.233,439.108,236,0,242,448.466
242,ori_TxRed:0235-0439-0117:initial_folder_990_0234,383,547.068,116.872,438.299,235,0,243,448.508
243,ori_TxRed:0234-0437-0117:initial_folder_990_0233,385,551.182,117.054,437.104,234,0,244,448.220
244,ori_TxRed:0233-0438-0117:initial_folder_990_0232,384,546.823,117.222,438.059,233,0,245,449.116
245,ori_TxRed:0232-0439-0117:initial_folder_990_0231,355,546.738,117.014,438.630,232,0,246,448.730
246,ori_TxRed:0231-0440-0116:initial_folder_990_0230,341,543.422,116.426,439.449,231,0,247,448.783
247,ori_TxRed:0230-0441-0116:initial_folder_990_0229,350,545.657,117.116,441.379,230,0,248,448.283
248,ori_TxRed:0229-0442-0117:initial_folder_990_0228,379,538.712,117.492,442.003,229,0,249,448.209
249,ori_TxRed:0228-0442-0116:initial_folder_990_0227,347,539.072,117.413,440.801,228,0,250,449.051
250,ori_TxRed:0227-0440-0117:initial_folder_990_0226,310,539.635,117.293,440.152,227,0,251,448.717
251,ori_TxRed:0226-0441-0116:initial_folder_990_0225,323,538.505,116.948,441.393,226,0,252,448.775
252,ori_TxRed:0225-0445-0117:initial_folder_990_0224,276,535.707,117.176,443.750,225,0,253,449.033
253,ori_TxRed:0224-0443-0117:initial_folder_990_0223,268,537.269,117.323,441.986,224,0,254,449.070
254,ori_TxRed:0223-0441-0117:initial_folder_990_0222,314,534.815,117.452,441.028,223,0,255,448.440
255,ori_TxRed:0222-0442-0118:initial_folder_990_0221,303,533.653,117.710,443.171,222,0,256,448.111
256,ori_TxRed:0221-0447-0117:initial_folder_990_0220,313,528.236,117.402,447.865,221,0,257,448.516
257,ori_TxRed:0220-0448-0118:initial_folder_990_0219,253,526.676,117.553,448.383,220,0,258,448.245
258,ori_TxRed:0219-0426-0117:initial_folder_990_0218,479,534.432,117.173,426.409,219,0,259,448.640
259,ori_TxRed:0218-0428-0117:initial_folder_990_0217,457,535.635,117.285,428.461,218,0,260,448.611
260,ori_TxRed:0217-0428-0117:initial_folder_990_0216,426,532.566,117.171,429.194,217,0,261,448.517
261,ori_TxRed:0216-0429-0118:initial_folder_990_0215,443,534.359,117.320,429.712,216,0,262,448.153
262,ori_TxRed:0215-0429-0116:initial_folder_990_0214,504,535.456,117.237,428.126,215,0,263,448.053
263,ori_TxRed:0214-0429-0116:initial_folder_990_0213,455,532.435,116.763,428.508,214,0,264,448.025
264,ori_TxRed:0213-0432-0115:initial_folder_990_0212,423,536.556,116.109,431.193,213,0,265,448.038
265,ori_TxRed:0212-0427-0117:initial_folder_990_0211,345,535.070,117.223,427.744,212,0,266,448.502
266,ori_TxRed:0211-0429-0117:initial_folder_990_0210,325,535.009,117.451,429.656,211,0,267,448.733
267,ori_TxRed:0210-0431-0116:initial_folder_990_0209,289,536.585,116.966,432.678,210,0,268,448.530
268,ori_TxRed:0209-0431-0117:initial_folder_990_0208,315,535.146,117.375,432.023,209,0,269,448.234
269,ori_TxRed:0208-0432-0117:initial_folder_990_0207,315,538.244,117.408,432.815,208,0,270,448.252
270,ori_TxRed:0207-0431-0117:initial_folder_990_0206,305,539.115,117.510,432.100,207,0,271,448.156
271,ori_TxRed:0206-0432-0117:initial_folder_990_0205,282,541.422,117.410,431.680,206,0,272,448.292
272,ori_TxRed:0205-0433-0117:initial_folder_990_0204,270,539.333,117.515,433.179,205,0,273,448.393
273,ori_TxRed:0204-0434-0117:initial_folder_990_0203,254,544.043,117.255,434.508,204,0,274,448.953
274,ori_TxRed:0203-0435-0118:initial_folder_990_0202,273,541.612,117.797,435.915,203,0,275,448.923
275,ori_TxRed:0202-0435-0117:initial_folder_990_0201,284,540.479,117.486,435.167,202,0,276,449.197
276,ori_TxRed:0201-0435-0117:initial_folder_990_0200,250,540.496,117.847,435.498,201,0,277,449.464
277,ori_TxRed:0200-0436-0117:initial_folder_990_0199,265,539.525,117.707,435.430,200,0,278,449.268
278,ori_TxRed:0199-0417-0117:initial_folder_990_0198,539,546.601,117.727,416.981,199,0,279,449.432
279,ori_TxRed:0198-0420-0117:initial_folder_990_0197,530,548.719,117.751,420.304,198,0,280,449.775
280,ori_TxRed:0197-0422-0117:initial_folder_990_0196,498,553.359,117.730,423.943,197,0,281,450.015
281,ori_TxRed:0196-0423-0117:initial_folder_990_0195,475,554.615,117.741,423.151,196,0,282,449.186
282,ori_TxRed:0195-0423-0117:initial_folder_990_0194,605,555.281,116.477,424.161,195,0,283,449.096
283,ori_TxRed:0194-0425-0117:initial_folder_990_0193,560,557.557,116.110,425.355,194,0,284,449.434
284,ori_TxRed:0193-0426-0116:initial_folder_990_0192,571,558.175,116.383,425.526,193,0,285,449.510
285,ori_TxRed:0192-0426-0117:initial_folder_990_0191,553,558.425,116.747,426.041,192,0,286,449.805
286,ori_TxRed:0191-0425-0116:initial_folder_990_0190,485,558.161,116.038,424.194,191,0,287,449.647
287,ori_TxRed:0190-0427-0117:initial_folder_990_0189,466,563.172,116.454,425.997,190,0,288,449.830
288,ori_TxRed:0189-0427-0116:initial_folder_990_0188,420,562.210,116.223,425.718,189,0,289,449.722
289,ori_TxRed:0188-0427-0117:initial_folder_990_0187,470,557.126,116.205,426.312,188,0,290,449.622
290,ori_TxRed:0187-0420-0116:initial_folder_990_0186,488,559.227,116.321,419.715,187,0,291,449.686
291,ori_TxRed:0186-0420-0116:initial_folder_990_0185,484,556.663,115.736,419.836,186,0,292,449.459
292,ori_TxRed:0185-0418-0116:initial_folder_990_0184,417,561.916,115.817,417.906,185,0,293,449.529
293,ori_TxRed:0184-0428-0117:initial_folder_990_0183,402,555.642,116.747,428.727,184,0,294,449.699
294,ori_TxRed:0183-0427-0117:initial_folder_990_0182,330,562.297,117.398,429.146,183,0,295,450.428
295,ori_TxRed:0182-0429-0117:initial_folder_990_0181,315,560.006,117.263,431.670,182,0,296,450.377
296,ori_TxRed:0181-0430-0117:initial_folder_990_0180,313,552.655,117.405,432.146,181,0,297,450.511
297,ori_TxRed:0180-0431-0118:initial_folder_990_0179,337,558.688,117.823,432.422,180,0,298,450.696
298,ori_TxRed:0179-0431-0118:initial_folder_990_0178,385,551.117,118.377,430.024,179,0,299,450.657
299,ori_TxRed:0178-0429-0121:initial_folder_990_0177,425,545.374,119.894,427.857,178,0,300,450.137
300,ori_TxRed:0177-0428-0121:initial_folder_990_0176,373,553.922,119.419,428.514,177,0,301,450.425
301,ori_TxRed:0176-0412-0122:initial_folder_990_0175,775,555.794,123.125,410.432,176,0,302,450.666
302,ori_TxRed:0175-0413-0122:initial_folder_990_0174,830,552.767,122.466,411.221,175,0,303,450.356
303,ori_TxRed:0174-0413-0122:initial_folder_990_0173,779,549.478,122.372,412.392,174,0,304,450.430
304,ori_TxRed:0173-0415-0123:initial_folder_990_0172,757,553.369,123.241,413.686,173,0,305,450.256
305,ori_TxRed:0172-0416-0123:initial_folder_990_0171,732,550.623,123.060,414.322,172,0,306,449.956
306,ori_TxRed:0171-0421-0122:initial_folder_990_0170,635,565.254,123.235,421.067,171,0,307,450.114
307,ori_TxRed:0170-0423-0122:initial_folder_990_0169,609,567.131,123.351,420.499,170,0,308,450.681
308,ori_TxRed:0169-0420-0122:initial_folder_990_0168,646,562.506,123.546,418.800,169,0,309,450.180
309,ori_TxRed:0168-0422-0122:initial_folder_990_0167,610,566.359,123.310,420.212,168,0,310,450.604
310,ori_TxRed:0167-0420-0123:initial_folder_990_0166,620,563.332,123.651,420.243,167,0,311,449.995
311,ori_TxRed:0166-0419-0123:initial_folder_990_0165,651,563.395,123.549,418.380,166,0,312,450.330
312,ori_TxRed:0165-0419-0123:initial_folder_990_0164,588,567.146,123.704,417.905,165,0,313,450.150
313,ori_TxRed:0164-0419-0123:initial_folder_990_0163,606,565.761,123.511,418.329,164,0,314,450.091
314,ori_TxRed:0163-0421-0123:initial_folder_990_0162,536,577.147,123.830,421.060,163,0,315,450.290
315,ori_TxRed:0162-0416-0123:initial_folder_990_0161,532,574.013,124.296,416.801,162,0,316,450.434
316,ori_TxRed:0161-0415-0123:initial_folder_990_0160,554,575.218,124.240,415.538,161,0,317,450.538
317,ori_TxRed:0160-0415-0123:initial_folder_990_0159,564,571.184,124.143,415.716,160,0,318,450.475
318,ori_TxRed:0159-0415-0123:initial_folder_990_0158,582,568.029,123.594,415.192,159,0,319,451.118
319,ori_TxRed:0158-0415-0122:initial_folder_990_0157,505,574.372,121.752,413.357,158,0,320,451.234
320,ori_TxRed:0157-0415-0121:initial_folder_990_0156,543,568.961,121.709,414.262,157,0,321,450.565
321,ori_TxRed:0156-0417-0122:initial_folder_990_0155,527,572.548,122.607,415.674,156,0,322,451.596
322,ori_TxRed:0155-0417-0121:initial_folder_990_0154,497,572.455,121.709,416.778,155,0,323,451.167
323,ori_TxRed:0154-0418-0121:initial_folder_990_0153,508,572.632,121.691,418.099,154,0,324,450.542
324,ori_TxRed:0153-0419-0123:initial_folder_990_0152,479,583.772,123.839,419.571,153,0,325,450.443
325,ori_TxRed:0152-0419-0121:initial_folder_990_0151,480,577.965,121.942,419.967,152,0,326,450.507
326,ori_TxRed:0151-0421-0121:initial_folder_990_0150,469,577.122,120.985,421.335,151,0,327,450.772
327,ori_TxRed:0150-0425-0121:initial_folder_990_0149,445,579.928,121.210,426.013,150,0,328,450.812
328,ori_TxRed:0149-0418-0119:initial_folder_990_0148,629,589.949,119.135,420.498,149,0,329,451.214
329,ori_TxRed:0148-0420-0118:initial_folder_990_0147,607,595.185,118.711,421.707,148,0,330,450.450
330,ori_TxRed:0147-0421-0118:initial_folder_990_0146,582,593.371,118.896,422.418,147,0,331,450.760
331,ori_TxRed:0146-0428-0117:initial_folder_990_0145,442,610.233,117.523,430.478,146,0,332,450.807
332,ori_TxRed:0145-0429-0116:initial_folder_990_0144,421,610.848,117.429,431.533,145,0,333,450.439
333,ori_TxRed:0144-0430-0117:initial_folder_990_0143,419,615.131,117.533,431.937,144,0,334,450.644
334,ori_TxRed:0143-0432-0117:initial_folder_990_0142,386,611.738,117.311,434.024,143,0,335,450.696
335,ori_TxRed:0142-0434-0118:initial_folder_990_0141,361,616.172,117.669,433.971,142,0,336,450.655
336,ori_TxRed:0141-0435-0118:initial_folder_990_0140,347,623.072,117.816,436.621,141,0,337,449.813
337,ori_TxRed:0140-0437-0117:initial_folder_990_0139,312,623.683,117.847,436.996,140,0,338,452.798
338,ori_TxRed:0139-0437-0117:initial_folder_990_0138,316,627.405,117.201,439.874,139,0,339,450.416
339,ori_TxRed:0138-0438-0117:initial_folder_990_0137,297,628.411,117.438,439.603,138,0,340,451.010
340,ori_TxRed:0137-0437-0117:initial_folder_990_0136,313,626.684,117.207,437.583,137,0,341,451.046
341,ori_TxRed:0136-0439-0117:initial_folder_990_0135,300,631.260,117.312,439.443,136,0,342,451.364
342,ori_TxRed:0135-0441-0118:initial_folder_990_0134,318,633.352,117.887,440.744,135,0,343,451.250
343,ori_TxRed:0134-0441-0118:initial_folder_990_0133,318,630.623,118.022,441.038,134,0,344,450.899
344,ori_TxRed:0133-0440-0117:initial_folder_990_0132,278,640.827,117.587,439.338,133,0,345,451.596
345,ori_TxRed:0132-0442-0118:initial_folder_990_0131,277,635.061,117.922,441.485,132,0,346,451.939
346,ori_TxRed:0131-0443-0117:initial_folder_990_0130,272,630.239,117.633,441.611,131,0,347,451.855
347,ori_TxRed:0130-0444-0118:initial_folder_990_0129,297,628.428,118.223,442.728,130,0,348,451.804
348,ori_TxRed:0129-0444-0118:initial_folder_990_0128,301,627.980,118.655,443.629,129,0,349,451.803
349,ori_TxRed:0128-0444-0118:initial_folder_990_0127,270,634.674,118.035,443.310,128,0,350,453.428
350,ori_TxRed:0127-0429-0117:initial_folder_990_0126,609,639.665,116.848,427.731,127,0,351,453.362
351,ori_TxRed:0126-0428-0116:initial_folder_990_0125,591,636.863,116.835,427.606,126,0,352,453.541
352,ori_TxRed:0125-0430-0117:initial_folder_990_0124,461,642.343,117.302,428.899,125,0,353,453.495
353,ori_TxRed:0124-0431-0118:initial_folder_990_0123,412,635.869,118.029,432.132,124,0,354,453.739
354,ori_TxRed:0123-0432-0118:initial_folder_990_0122,379,639.441,117.894,433.341,123,0,355,453.114
355,ori_TxRed:0122-0432-0119:initial_folder_990_0121,396,635.386,118.223,432.960,122,0,356,453.450
356,ori_TxRed:0121-0435-0119:initial_folder_990_0120,406,642.993,118.670,435.071,121,0,357,454.084
357,ori_TxRed:0120-0436-0119:initial_folder_990_0119,422,631.502,118.656,435.808,120,0,358,453.963
358,ori_TxRed:0119-0437-0118:initial_folder_990_0118,374,641.741,118.206,437.577,119,0,359,453.582
359,ori_TxRed:0118-0437-0118:initial_folder_990_0117,355,639.515,117.997,437.757,118,0,360,453.816
360,ori_TxRed:0117-0439-0118:initial_folder_990_0116,367,633.420,118.291,438.786,117,0,361,454.028
361,ori_TxRed:0116-0440-0118:initial_folder_990_0115,356,636.463,118.325,439.835,116,0,362,453.926
362,ori_TxRed:0115-0440-0119:initial_folder_990_0114,340,634.626,118.521,439.510,115,0,363,454.273
363,ori_TxRed:0114-0423-0118:initial_folder_990_0113,525,633.882,118.665,423.397,114,0,364,454.172
364,ori_TxRed:0113-0426-0118:initial_folder_990_0112,567,635.808,118.546,425.674,113,0,365,453.342
365,ori_TxRed:0112-0426-0119:initial_folder_990_0111,518,632.907,118.535,426.095,112,0,366,453.214
366,ori_TxRed:0111-0428-0118:initial_folder_990_0110,492,633.622,118.554,428.218,111,0,367,453.240
367,ori_TxRed:0110-0429-0118:initial_folder_990_0109,471,632.372,118.304,430.625,110,0,368,453.667
368,ori_TxRed:0109-0431-0118:initial_folder_990_0108,445,633.083,118.483,432.235,109,0,369,453.991
369,ori_TxRed:0108-0433-0118:initial_folder_990_0107,411,630.122,118.503,433.245,108,0,370,453.501
370,ori_TxRed:0107-0435-0118:initial_folder_990_0106,395,631.856,118.126,435.404,107,0,371,453.695
371,ori_TxRed:0106-0435-0118:initial_folder_990_0105,408,624.103,118.238,436.462,106,0,372,453.181
372,ori_TxRed:0105-0434-0118:initial_folder_990_0104,356,616.225,118.186,434.983,105,0,373,453.059
373,ori_TxRed:0104-0436-0118:initial_folder_990_0103,380,616.853,118.148,437.226,104,0,374,452.589
374,ori_TxRed:0103-0437-0118:initial_folder_990_0102,359,610.370,118.198,438.266,103,0,375,452.609
375,ori_TxRed:0102-0439-0118:initial_folder_990_0101,371,611.757,118.379,439.080,102,0,376,453.112
376,ori_TxRed:0101-0439-0118:initial_folder_990_0100,372,599.583,118.530,439.925,101,0,377,452.740
377,ori_TxRed:0100-0440-0119:initial_folder_990_0099,346,607.225,118.624,440.587,100,0,378,452.675
378,ori_TxRed:0099-0424-0119:initial_folder_990_0098,619,606.624,118.873,422.321,99,0,379,452.369
379,ori_TxRed:0098-0427-0118:initial_folder_990_0097,598,603.139,118.655,425.520,98,0,380,452.147
380,ori_TxRed:0097-0428-0118:initial_folder_990_0096,527,599.732,118.341,428.015,97,0,381,451.864
381,ori_TxRed:0096-0429-0118:initial_folder_990_0095,520,593.562,118.927,428.172,96,0,382,451.968
382,ori_TxRed:0095-0431-0118:initial_folder_990_0094,456,592.862,118.867,430.653,95,0,383,452.144
383,ori_TxRed:0094-0433-0119:initial_folder_990_0093,446,594.424,118.782,431.957,94,0,384,452.876
384,ori_TxRed:0093-0435-0118:initial_folder_990_0092,413,597.591,118.297,434.451,93,0,385,453.698
385,ori_TxRed:0092-0432-0118:initial_folder_990_0091,408,601.390,118.539,432.547,92,0,386,452.621
386,ori_TxRed:0091-0432-0118:initial_folder_990_0090,413,604.939,118.282,433.145,91,0,387,452.681
387,ori_TxRed:0090-0431-0118:initial_folder_990_0089,386,604.127,118.663,431.930,90,0,388,452.422
388,ori_TxRed:0089-0430-0118:initial_folder_990_0088,408,601.042,118.566,431.343,89,0,389,452.555
389,ori_TxRed:0088-0431-0118:initial_folder_990_0087,355,614.820,118.064,433.391,88,0,390,452.804
390,ori_TxRed:0087-0435-0118:initial_folder_990_0086,299,620.355,118.316,435.401,87,0,391,451.954
391,ori_TxRed:0086-0438-0119:initial_folder_990_0085,313,621.204,118.552,438.504,86,0,392,453.017
392,ori_TxRed:0085-0437-0119:initial_folder_990_0084,300,624.213,118.651,436.687,85,0,393,453.004
393,ori_TxRed:0084-0437-0119:initial_folder_990_0083,304,617.454,118.570,437.766,84,0,394,452.561
394,ori_TxRed:0083-0435-0118:initial_folder_990_0082,318,617.330,118.476,435.765,83,0,395,452.956
395,ori_TxRed:0082-0434-0118:initial_folder_990_0081,306,618.376,118.073,435.988,82,0,396,453.624
396,ori_TxRed:0081-0440-0118:initial_folder_990_0080,287,617.411,118.216,439.236,81,0,397,453.381
397,ori_TxRed:0080-0443-0118:initial_folder_990_0079,277,618.491,117.998,442.278,80,0,398,452.938
398,ori_TxRed:0079-0444-0119:initial_folder_990_0078,322,612.481,118.296,442.970,79,0,399,453.929
399,ori_TxRed:0078-0445-0119:initial_folder_990_0077,278,613.806,118.489,443.840,78,0,400,453.607
400,ori_TxRed:0077-0446-0118:initial_folder_990_0076,249,621.201,118.315,445.133,77,0,401,453.007
401,ori_TxRed:0076-0447-0118:initial_folder_990_0075,246,615.167,118.490,446.651,76,0,402,452.296
402,ori_TxRed:0075-0433-0118:initial_folder_990_0074,415,632.889,118.349,434.523,75,0,403,452.786
403,ori_TxRed:0074-0435-0118:initial_folder_990_0073,421,631.660,118.750,435.065,74,0,404,452.666
404,ori_TxRed:0073-0435-0118:initial_folder_990_0072,425,629.553,118.540,436.479,73,0,405,452.748
405,ori_TxRed:0072-0436-0119:initial_folder_990_0071,374,630.257,118.624,438.401,72,0,406,452.848
406,ori_TxRed:0071-0437-0118:initial_folder_990_0070,370,622.503,118.468,438.846,71,0,407,453.092
407,ori_TxRed:0070-0439-0118:initial_folder_990_0069,312,626.958,118.221,440.464,70,0,408,452.560
408,ori_TxRed:0069-0441-0118:initial_folder_990_0068,334,624.829,118.654,441.472,69,0,409,452.479
409,ori_TxRed:0068-0442-0118:initial_folder_990_0067,293,630.843,118.075,441.994,68,0,410,452.912
410,ori_TxRed:0067-0442-0118:initial_folder_990_0066,269,621.784,118.566,443.292,67,0,411,452.805
411,ori_TxRed:0066-0442-0118:initial_folder_990_0065,295,613.536,118.549,442.061,66,0,412,453.093
412,ori_TxRed:0065-0443-0118:initial_folder_990_0064,275,619.465,118.105,442.785,65,0,413,453.465
413,ori_TxRed:0064-0444-0117:initial_folder_990_0063,252,623.127,117.525,443.797,64,0,414,453.616
414,ori_TxRed:0063-0442-0118:initial_folder_990_0062,275,613.942,117.885,442.772,63,0,415,453.382
415,ori_TxRed:0062-0431-0118:initial_folder_990_0061,428,624.542,117.965,430.534,62,0,416,454.541
416,ori_TxRed:0061-0432-0118:initial_folder_990_0060,444,619.480,118.202,432.939,61,0,417,453.423
417,ori_TxRed:0060-0435-0118:initial_folder_990_0059,411,620.173,118.195,434.488,60,0,418,453.660
418,ori_TxRed:0059-0435-0118:initial_folder_990_0058,449,615.864,118.298,435.836,59,0,419,453.116
419,ori_TxRed:0058-0438-0118:initial_folder_990_0057,402,610.642,118.304,438.524,58,0,420,453.353
420,ori_TxRed:0057-0440-0118:initial_folder_990_0056,388,616.492,118.156,440.455,57,0,421,453.138
421,ori_TxRed:0056-0440-0118:initial_folder_990_0055,407,606.238,118.365,440.170,56,0,422,452.544
422,ori_TxRed:0055-0442-0118:initial_folder_990_0054,368,610.076,118.418,441.814,55,0,423,453.219
423,ori_TxRed:0054-0442-0119:initial_folder_990_0053,353,613.416,118.614,441.663,54,0,424,453.739
424,ori_TxRed:0053-0442-0117:initial_folder_990_0052,332,604.084,117.769,442.747,53,0,425,452.591
425,ori_TxRed:0052-0428-0118:initial_folder_990_0051,544,610.877,118.155,427.683,52,0,426,453.119
426,ori_TxRed:0051-0430-0118:initial_folder_990_0050,529,602.242,118.406,431.237,51,0,427,451.868
427,ori_TxRed:0050-0431-0118:initial_folder_990_0049,493,596.316,118.189,432.517,50,0,428,452.248
428,ori_TxRed:0049-0431-0118:initial_folder_990_0048,460,591.574,117.986,432.429,49,0,429,453.041
429,ori_TxRed:0048-0435-0118:initial_folder_990_0047,428,594.217,118.170,435.911,48,0,430,452.672
430,ori_TxRed:0047-0436-0118:initial_folder_990_0046,424,586.231,118.164,437.366,47,0,431,452.132
431,ori_TxRed:0046-0438-0118:initial_folder_990_0045,406,584.254,118.164,439.157,46,0,432,451.604
432,ori_TxRed:0045-0440-0118:initial_folder_990_0044,404,575.943,118.504,440.073,45,0,433,451.199
433,ori_TxRed:0044-0441-0118:initial_folder_990_0043,373,576.520,118.531,441.925,44,0,434,451.907
434,ori_TxRed:0043-0442-0118:initial_folder_990_0042,344,576.241,118.045,442.498,43,0,435,451.804
435,ori_TxRed:0042-0442-0118:initial_folder_990_0041,332,578.398,118.363,442.634,42,0,436,451.813
436,ori_TxRed:0041-0429-0118:initial_folder_990_0040,531,582.851,118.262,429.228,41,0,437,451.671
437,ori_TxRed:0040-0431-0118:initial_folder_990_0039,481,578.071,117.985,432.335,40,0,438,451.614
438,ori_TxRed:0039-0433-0118:initial_folder_990_0038,430,576.309,117.982,434.552,39,0,439,450.920
439,ori_TxRed:0038-0433-0118:initial_folder_990_0037,424,569.571,117.754,434.984,38,0,440,452.668
440,ori_TxRed:0037-0437-0118:initial_folder_990_0036,379,566.224,117.748,438.774,37,0,441,451.984
441,ori_TxRed:0036-0438-0117:initial_folder_990_0035,371,566.024,117.495,439.103,36,0,442,451.949
442,ori_TxRed:0035-0423-0119:initial_folder_990_0034,650,578.940,118.431,423.356,35,0,443,452.006
443,ori_TxRed:0034-0427-0118:initial_folder_990_0033,576,576.255,118.219,427.165,34,0,444,451.582
444,ori_TxRed:0033-0429-0118:initial_folder_990_0032,511,563.571,118.353,430.780,33,0,445,451.279
445,ori_TxRed:0032-0434-0118:initial_folder_990_0031,453,565.075,118.586,434.857,32,0,446,450.896
446,ori_TxRed:0031-0437-0118:initial_folder_990_0030,398,559.867,118.137,438.757,31,0,447,451.613
447,ori_TxRed:0030-0437-0118:initial_folder_990_0029,419,557.845,118.095,437.870,30,0,448,451.492
448,ori_TxRed:0029-0439-0118:initial_folder_990_0028,354,553.000,117.717,439.226,29,0,449,451.148
449,ori_TxRed:0028-0422-0119:initial_folder_990_0027,674,569.104,118.572,419.583,28,0,450,450.875
450,ori_TxRed:0027-0422-0118:initial_folder_990_0026,636,562.503,118.454,421.591,27,0,451,451.137
451,ori_TxRed:0026-0428-0118:initial_folder_990_0025,553,556.738,118.281,428.306,26,0,452,450.843
452,ori_TxRed:0025-0433-0118:initial_folder_990_0024,450,560.336,117.966,431.933,25,0,453,451.010
453,ori_TxRed:0024-0434-0118:initial_folder_990_0023,465,554.802,118.370,434.919,24,0,454,451.323
454,ori_TxRed:0023-0438-0119:initial_folder_990_0022,399,561.180,118.788,437.698,23,0,455,451.399
455,ori_TxRed:0022-0440-0119:initial_folder_990_0021,405,562.743,118.925,439.495,22,0,456,451.549
456,ori_TxRed:0021-0440-0118:initial_folder_990_0020,345,556.159,118.576,439.192,21,0,457,451.288
457,ori_TxRed:0020-0442-0119:initial_folder_990_0019,353,556.144,118.640,441.589,20,0,458,450.980
458,ori_TxRed:0019-0442-0118:initial_folder_990_0018,308,554.990,118.322,441.876,19,0,459,451.561
459,ori_TxRed:0018-0444-0118:initial_folder_990_0017,298,557.379,118.301,444.303,18,0,460,451.147
460,ori_TxRed:0017-0431-0119:initial_folder_990_0016,451,575.783,118.695,433.906,17,0,461,451.240
461,ori_TxRed:0016-0436-0120:initial_folder_990_0015,491,1646.802,118.978,435.338,16,0,462,1525.444
462,ori_TxRed:0015-0440-0121:initial_folder_990_0014,411,1644.107,119.806,440.758,15,0,463,1525.012
463,ori_TxRed:0014-0438-0120:initial_folder_990_0013,405,1638.484,119.092,438.019,14,0,464,1528.983
464,ori_TxRed:0013-0441-0120:initial_folder_990_0012,412,560.141,119.876,441.533,13,0,465,452.147
465,ori_TxRed:0012-0443-0119:initial_folder_990_0011,365,568.101,119.203,442.822,12,0,466,452.273
466,ori_TxRed:0011-0444-0120:initial_folder_990_0010,361,563.781,119.778,445.028,11,0,467,452.157
467,ori_TxRed:0010-0447-0120:initial_folder_990_0009,345,559.333,120.393,446.713,10,0,468,452.150
468,ori_TxRed:0009-0432-0121:initial_folder_990_0008,522,576.075,119.872,435.605,9,0,469,451.877
469,ori_TxRed:0008-0436-0120:initial_folder_990_0007,486,569.484,119.709,437.052,8,0,470,451.828
470,ori_TxRed:0007-0437-0121:initial_folder_990_0006,481,573.701,119.978,439.337,7,0,471,451.947
471,ori_TxRed:0006-0440-0120:initial_folder_990_0005,435,583.310,120.165,440.706,6,0,472,452.300
472,ori_TxRed:0005-0441-0121:initial_folder_990_0004,404,578.463,120.460,441.418,5,0,473,451.525
473,ori_TxRed:0004-0443-0121:initial_folder_990_0003,389,583.427,120.571,442.667,4,0,474,451.113
474,ori_TxRed:0003-0444-0121:initial_folder_990_0002,348,579.759,120.474,444.404,3,0,475,451.349
475,ori_TxRed:0002-0448-0120:initial_folder_990_0001,300,578.413,120.387,447.324,2,0,476,452.168
476,ori_TxRed:0001-0434-0121:initial_folder_990_0000,505,578.863,119.838,437.282,1,0,0,451.957
